70
1.278084
-0.547816
0.260808
-0.013177
-0.580264
2.136308
-0.257617
-1.409528
1.770101
0.325546
-1.119040
0.620350
1.269782
-0.896043
0.135175
-0.139040
-1.163395
1.183720
-0.015430
0.536219
-0.716429
-0.655559
0.314363
0.106814
1.848216
-0.275106
2.212554
1.508526
-1.945079
-1.680543
-0.573534
-0.185817
0.008934
0.836950
-0.722271
-0.721490
-0.201181
-0.020464
0.278890
1.058295
0.621673
-1.750615
0.697348
0.811486
0.636345
1.310080
0.327098
-0.672993
-0.149327
-2.449018
0.473286
0.116946
-0.591104
-0.654708
-1.080662
-0.047731
0.379345
-0.330361
-0.499898
-0.035979
-0.174760
-0.957265
1.292548
0.440910
1.280941
-0.497730
-1.118717
0.807650
0.041200
-0.756209
