362 375
0 9
14 22
278 274
46 29
123 144
168 174
155 150
26 64
378 359
166 175
345 367
267 265
195 206
302 306
188 210
79 110
163 177
161 180
347 358
216 202
127 119
59 40
68 54
143 138
15 7
175 160
359 360
74 85
135 122
336 320
383 363
49 50
309 296
329 338
173 179
242 256
29 57
1 12
113 109
268 264
339 334
335 327
106 76
348 386
358 377
198 187
271 287
51 68
238 234
110 102
259 247
257 227
310 299
275 285
308 300
332 317
52 31
35 44
36 55
193 218
208 191
164 170
286 276
303 311
102 105
300 292
187 214
38 33
318 332
76 75
313 302
273 279
234 258
235 244
48 32
149 157
192 220
350 347
203 208
181 171
219 211
240 249
136 128
27 26
150 158
209 198
8 0
233 238
118 117
352 389
137 121
360 355
178 168
276 275
125 116
375 352
31 23
58 30
376 381
387 373
272 269
285 272
56 51
377 388
337 341
290 289
222 213
326 318
24 59
152 148
55 67
255 241
304 310
165 182
264 267
60 46
288 294
117 136
251 254
17 2
121 131
346 380
4 10
231 223
226 248
368 351
13 16
370 354
28 25
389 371
81 92
277 282
153 155
20 6
221 199
88 96
263 262
154 147
305 290
284 270
12 4
86 87
232 243
244 261
40 58
69 45
340 333
228 245
141 134
253 250
190 222
131 145
71 53
194 205
349 348
229 257
330 344
94 99
379 349
293 309
87 82
144 125
354 365
80 72
260 246
227 226
129 124
385 387
391 356
202 207
344 322
84 108
245 263
373 353
246 229
357 390
171 163
374 383
388 382
96 113
372 350
321 331
147 146
172 164
107 90
3 17
311 288
295 313
128 120
292 298
32 43
301 312
47 65
270 281
91 84
380 362
355 391
53 61
133 118
100 79
34 39
254 225
85 104
116 129
333 326
93 103
124 143
369 366
196 212
314 307
138 142
262 239
134 127
258 259
280 271
265 266
390 369
274 283
225 224
237 228
11 3
42 35
89 100
97 81
45 71
70 34
112 95
220 209
223 242
343 324
252 251
159 153
299 291
342 337
66 49
291 305
356 361
371 372
214 217
248 232
169 166
261 255
351 379
63 42
381 385
160 178
145 123
353 345
191 189
108 94
316 335
197 185
312 303
6 19
201 186
62 69
37 38
98 80
236 260
323 342
83 88
44 62
367 364
315 328
184 169
183 176
41 24
120 126
282 284
114 83
204 196
306 314
162 161
95 78
61 41
239 233
2 1
146 156
215 197
50 28
307 301
140 135
269 278
328 323
287 286
180 172
241 253
142 130
67 60
327 319
90 73
65 37
256 235
7 14
199 195
212 215
210 194
296 295
19 13
217 201
386 370
317 316
132 141
39 56
99 107
230 252
324 315
101 89
167 184
224 236
179 165
213 193
182 183
331 340
177 162
320 330
18 21
289 308
322 343
148 151
174 181
54 52
119 133
82 114
361 376
189 188
200 204
16 8
156 152
211 216
105 77
392 374
104 112
334 321
281 273
77 74
176 167
158 154
115 91
72 115
363 346
78 106
21 15
5 18
64 48
57 27
247 231
364 357
341 329
103 86
23 63
111 98
207 192
73 101
157 159
186 203
75 97
22 20
382 368
294 304
30 66
297 293
206 219
130 139
249 230
185 221
25 36
109 111
33 70
319 325
139 140
250 240
9 11
283 277
384 378
366 392
218 200
122 132
338 339